revanth@gmail.com
15711151
3239614771803639842426273185569384749334980897609815750053879991392059958599395909271690241258796858192543459842177281292974193623217099809034887831849441926952277545097645524795843942672534145692728875895221668282555101681576341255318982303949831466023239315513970268035855579711588056578040644512301231442654121840523080564341453148277305531627656330576087181599148295820685774329598968414959682357625999115970465394788275501863418968587686532335065206581231496422509602667498082732297581653970332325790795485146482162518656580762613038666049072969060180172451291931326837176467179957589084747168373238132816876863
12634241244596120400174399921791743291783320896648834337063206527914624602554660086191574456134537541345475249515309216782330059340383529708919487550271830480322406818314339533002368663654736955989592112373556702794962065644834786902648645142058346730249621925326735186381163502949994913022532456847120402335713818462571712018188499428722847311575019534842287629941763493197255872832677131069068669415824840008374983249344557950220152501214584296530418472173599317885620279947405090019915002427966344127301786060671442582186932674404337810749626746422130776395090898075545003868358589054828778712128000003501244620267
1234
754721
664302135712395616778586904025632914079573553898320079533535822946769999659177368409238248756047782840176518573920149316596086449552282589921146208098759547494246195469370537265600869332668567945079636670315271692230601352717625828874735218226552670920394795176491845339081089015584206999275255698385249118540705526621827460138226959402795488509764943156856215632774350952213648804387005099669807855259613265031450682631465259905943668695654609395706026231004646476050466901223128225869837094902841364855659806496990525506759849804234053947212038161294391977530489252368856443044876645504074563658756624601186676521
11081799482051963491683654276847391771960784938148048909102817953012890696980107039105006417475203101386341502909411365818724082960358699185444440725929532391238340101915008205995127397188916366829018356117258568737720960247654818159987821905202291197332374347075662039833708027561352908595995319745833818133675987537598257902761310613506595523617367162300688447190586102476158468278621141159608623155977404137255601332314015796788431249186033056570168476107476784653828923898071292363854453988049825765170690577777430360095696840923000090542628231402351471923269044915652570665647512836415634036066532684939962471609
raj@gmail.com
534491117
20554415449529141192134737320096978927923496736555806911949857317726240446405034046006194466522822051254459595028683703284622327295338765777041266017669665000453146216877163080709607476078637201103390646452398201629117728466221191722019516027285460544432981016691268046137334761543345957506224547593903645459648542062234417138570466376049453805238289261773371121168021068830798115952921120985949588310766964452472950594137440559907499116385953368557896860489876395481791627055360284977606122236865104567303028187454083248332051170817434748216089129393645039110931324899906098374322238303104042038701416176905103899173
24392692928316061091872316013329364396150619731586869702660263753737867770937677365061411736154626247732932841436651678183534088462301817923521898656633603095487038822137211169411476150509427144192760585257562973411255428991647737981861601522908888673084545754837129772144218132544065245025077615903904811957063331127631048275814171202830867676013502520681679011821056441587631291977947153845497608112419580864209340226816605382835096387447419080555444495961148563292758697578960772221950445040153514880218050155545974567151419688820954231402237682507155611884571929256218095001415151463335298232938743074311854496587
rev@gmail.com
427553355
5319534616625287341869394608162081402358184078912053182388548957031838962867268660521768283419156712971877338248895192774644787310022322629489407236616559051207953068358539375975694438193577008307270312049604642968646763485836316275396075125828742822421918233050868097806741495142277935429596658837960513425163879520631406173537357479070441258054684031664622367296689484393321887400468878345904719533357393173069313802166703515173770497435892104932272598073735934827978518620694335223070565072943668781968683722382499671522393524002081275023933417887502301766762657965819156442404468682579494839195299013766187560099
28061367603446171826153781099353932649794141215902964074074890915836936045376376342708641525136729736793480774569285120112509975709327765568399131648586684470482174430162699557767900712147120487776491013543949028412756537013470274035397902066682466908688035184191772406084946039259761931510898630472531069312378494850209746403444189369310327816118256732991652548646547993223987591074476711962191225385212622749455168180799224594044622434887994801230189468405534466111359777921122104829407078097841223677525167825658224872195298472755535307399202173345656449391513897034604325030266431074744595215400884405884653663573
vam@gmail.com
112495981
19154313276632863758602539513024694086284245750029894990806533584100238500555711330206801439171869885927409876395989166106028372763771327690035058871350551099606109812114154397950194946328206098249974761195819359253350809480389173799604766089342863088364367099077246755115428628398562759580127737578494545064209941197361595078188842878239299205125098384795551375960932115914562868334435947643359638527738400074050410876269183313792262205138225283625523995488076689322394003560790451178558544672819417079997574721672067788921953336593843877624790915114721685602074757102456991941317381670395136915659031886224104154405
26296353448436199134543770730249296425047718592939071802267153997718715437001777876296797643227168654729737199346988493833899135736735587796929822850987812846915739338038313442457517655090427952835843506460772217650134414725863393902542862650693981491585457420918595196782370769494059704621287074988089279402727051146304738003355258736480408249351402777183011074650733187716170587757504524485964446373564041920828252327568308315005181253594321138647784881546589375326916623312844421665268206469116151738357824934511780654318173047352826331776068562807671004077245524274358940598154322892719450712914669872172651835339
112495981
49764787
2318771669396561975969014845011073445977724374545651896363228767889368481291607997792986015948186982913970226717496098838101504205339708513575952385886318782407935514376817914545731346725989440753226593256331473742508063699192994056706061586617214441027232321257184341437455601262563609855829117030220594879238770577235850505274417163250531713476970684155727094392721845915718469813974737373503774308577384443620532919240527627582612634259237277217862061797069974888701194421118424827801394655096838995711423137197348295852557184550151343002074136370402191112674108826976220081039002546087986102606757654842634626043
19727089875225503073333576493802367096762729981029518941461469598874781995246474454244364912157995677714552932233936520832981821823816562233449528112726376681924482489326018707165412405866303263869603574222686570013940839810453415009722760982584724173856928373246185552175809844705529128996884289060835935647634560408553472378152613245885054147436935943404243241372339288635427680027971642072831159108577364086288409940852484605073260833752061681037403529274606902116498557575519785102509071330598468768250503419421770118205304658828999164887836725597695512516550504265610986739751399173243886627036412835118393071157
12345
346613
12264574339957168090616040639534091817321471235242851237670500392284639190158206420053615260923224955903117332827094138604636539414876606937966176342260807669725410362063491831126848016667874533981584067830808397807574877500190595133836738267784228542903083433649239531861209993912998466423504306649951559182983309880943997325614267956122695736554837036936142611134788014493566635018132233321475445334674533935473973251423520821332387259562104496766068598930451133509376691508257439417492210387646095391633816378700724364670462774607936877083965131208314422543798806119811474710124634739754317081992694320709801694877
16623759026190839675087390581142139382130779163549598376528750566908422598049078303290462871533860096669223641623315869045951794668462726556922244783475983016035122757627083684870172185425196095161772544024526599937732971801305960187721640536252238008232637231788676225968080883225401558889927727144554085229889052297132458905571293364814695137739771519820039437359678147926443748391152900694438344305711674519825309557462989531094336205085844401667744054189356510227374102340276450674647506830257164179643372166245485576767909278341339161025344902472266414795708611423434192364238711139254780937161271412294094816661
